time,x,y,z,phi,theta,psi,x_velocity,y_velocity,z_velocity,phi_velocity,theta_velocity,psi_velocity,rotor_speed1,rotor_speed2,rotor_speed3,rotor_speed4
0.06,8.9493772597e-08,8.05732107491e-07,10.0039310937,0.000598132232013,6.28302070667,0.0,1.10549835561e-05,6.41987322073e-05,0.131029654796,0.0247869731462,-0.00888884717525,0.0,446.9844890619961,446.2596967972136,445.63960822868,447.66067856720616
0.12000000000000001,7.01641163023e-06,2.50355925283e-05,10.0175469286,0.00198142274667,6.28222611615,0.0,0.000294445050539,0.000909639154207,0.322796029548,0.0193441041962,-0.0238058652477,0.0,466.7153487547079,465.54994228058786,464.35874159164746,463.931672735947
0.18,5.07492585467e-05,0.000127608426046,10.0411399199,0.00303773732556,6.28133520546,0.0,0.00128395656009,0.00262939266184,0.463589345765,0.0138788423333,-0.00119500922125,0.0,449.47732351160306,451.30579658454343,449.4058000146063,448.9625915789344
0.23999999999999996,0.000166676526992,0.000352271180621,10.0722136132,0.00401461676906,6.28135950629,0.0,0.00258245908258,0.00495305379343,0.572151453916,0.0206984862039,0.00342727377826,0.0,439.72705219075283,440.10972669627114,439.50519570735514,440.0698820971908
0.3,0.000360737541581,0.000742789837286,10.110831031,0.00478399959721,6.28111560452,0.0,0.00388006757257,0.00818230957148,0.715016298268,-0.0116459441299,-0.026527759764,0.0,452.1224487596425,449.7029470937507,451.70931703228763,449.09376743627837
0.36000000000000004,0.000642182682481,0.00133027193775,10.15673302,0.00443082860248,6.2797311939,0.0,0.00565227948722,0.0113484537356,0.814983425551,0.0036770563164,-0.0169329314851,0.0,436.6622094500719,437.46170686341577,437.16609686948607,438.4409330145573
0.4200000000000001,0.00106416873213,0.00211293230195,10.2107157324,0.0047178356532,6.27834552104,0.0,0.00854337924112,0.0147682213417,0.984308920914,0.00690929075697,-0.03975706755,0.0,460.6089720647046,458.80053338137355,458.2988980732629,458.5556121617157
0.48000000000000015,0.00168299279492,0.00309579812696,10.272295212,0.00516613887046,6.27543563217,0.0,0.0123350404976,0.0180366000607,1.06826366465,0.00857352531964,-0.0784407960706,0.0,434.8015253207908,431.546885221282,432.3062692110839,432.44634927650804
0.5400000000000001,0.00256518107975,0.00426459421383,10.3352047228,0.00538248833916,6.27052819463,0.0,0.0174617829322,0.0209552135211,1.02875286836,-0.00886412109546,-0.0895057901116,0.0,391.800632401618,390.7641492375868,392.20329429646574,390.58051895112203
0.6000000000000002,0.00392735555403,0.00564375981223,10.4022991347,0.00502407017551,6.26489237055,0.0,0.0285649928947,0.024966019867,1.20754672092,-0.000742166572235,-0.104694527689,0.0,462.90149797626947,461.6976150053992,462.0226858993827,462.66261570288515
0.6600000000000003,0.00599620115373,0.00723341808736,10.4753357561,0.00448463280954,6.25821289866,0.0,0.0409751030531,0.0280052366539,1.22697447543,-0.0356300330706,-0.129836950256,0.0,413.425215676505,411.1916294410458,413.3910583779164,410.3056461540752
0.7200000000000003,0.00906062487273,0.00900878983927,10.5542814442,0.00306899826341,6.25127742663,0.0,0.0619917052626,0.0309792801535,1.40432491204,-0.00656439414208,-0.0964244613466,0.0,460.6879013461799,463.30989197908895,461.5935462292948,463.88118527230307
0.7800000000000004,0.0135478282875,0.0109373934012,10.6441589933,0.0028092340409,6.24565797628,0.0,0.0882280982943,0.0332695323554,1.59132870202,-0.000197043672856,-0.0886332983513,0.0,464.3581661637712,464.9618493587437,466.57267581152564,467.0695620793908
0.8400000000000004,0.019503218313,0.0129820411054,10.739197146,0.00301606213246,6.24156369094,0.0,0.110671445088,0.034894395094,1.57661368547,0.00988826894967,-0.044037718187,0.0,399.3696255032794,403.41138599952535,401.37145145915434,402.2855912359385
0.9000000000000005,0.0270516812206,0.0151431097068,10.8377060056,0.00362953869635,6.23939471421,0.0,0.141188126552,0.0372048399258,1.70681652623,0.0108889471593,-0.0237922810807,0.0,447.4310265611716,449.07543942073676,449.7444184945894,449.8253282599558
0.9600000000000005,0.0363564600164,0.0174464974917,10.9413708717,0.00450094439724,6.23808689841,0.0,0.16909505447,0.0396464531395,1.74860784891,0.0209487976385,-0.0180786759627,0.0,421.2264194540599,421.7201514651387,420.4210525496216,421.29162316197124
1.0200000000000005,0.0474805200673,0.0199273957136,11.050225251,0.0056379101676,6.23722587686,0.0,0.201799241982,0.0431770667747,1.87965703797,0.0146169004055,-0.00777815457289,0.0,449.0396520986736,449.87451132704035,450.516127929014,450.0038508220897
1.0800000000000005,0.0604227840869,0.0226235679846,11.1634705397,0.00696257341926,6.2362566622,0.0,0.229661670131,0.0467964364611,1.89515480987,0.0338995682639,-0.0435893308398,0.0,414.9523848319281,411.7967493977261,411.83095337225257,413.53297427520846
1.1400000000000006,0.0752509913162,0.0255935111099,11.2816351585,0.00872497058125,6.23337467178,0.0,0.264896185752,0.0524090182367,2.04339257471,0.0182925892564,-0.0588609098087,0.0,456.5481709633007,455.32672395911266,456.0536637751898,454.80567431966534
1.2000000000000006,0.0923846337762,0.0289573558158,11.4111512964,0.00980129198907,6.22944064728,0.0,0.306647655027,0.0598467641169,2.27335360867,0.0172213738257,-0.0844108324622,0.0,482.2746962217931,480.33804254514627,479.9126968669155,479.83129392694
1.2600000000000007,0.111970160412,0.0327651683234,11.5515974767,0.0110225508141,6.22415935178,0.0,0.346739016836,0.0671985448371,2.40787280686,0.0259803623537,-0.0964442238368,0.0,452.67857199000804,451.70287588719367,453.5537575373533,454.2566271825504
1.3200000000000007,0.134153040145,0.0370571093219,11.701355055,0.0130210605019,6.21860600607,0.0,0.39330571864,0.0760659364526,2.58361459496,0.0449603353497,-0.0857390686752,0.0,465.41207493069396,466.24231104395716,465.8902941491915,467.37224696255765
1.3800000000000008,0.159109379686,0.0419013499398,11.8594366451,0.0158903153629,6.21323586157,0.0,0.439090176587,0.08569010425,2.68548733038,0.053001461326,-0.0983480018644,0.0,445.1418129678309,444.10203562789616,444.02687315906746,444.6874252479275
1.4400000000000008,0.186829027622,0.0473614608188,12.0222536965,0.018995814725,6.20731314364,0.0,0.485449645862,0.0966106928282,2.74155643548,0.0491493396812,-0.0994494222326,0.0,430.12536883625455,430.0233496613688,431.0642362716763,430.7404103004563
1.5000000000000009,0.217636297033,0.0535844703974,12.1909135098,0.0216584751102,6.20145016854,0.0,0.542065364137,0.111119512879,2.88002591301,0.0325381732171,-0.0944599543965,0.0,456.15333746880526,456.5436813442622,458.0605080073452,456.7386529917687
1.560000000000001,0.252340380827,0.0608319525022,12.3723723132,0.0241577441484,6.19554283268,0.0,0.615417950772,0.13073894589,3.16775468577,0.0554923772691,-0.107958216426,0.0,502.35771597180656,501.3707792623638,499.9174503691996,501.5878807501749
1.620000000000001,0.291233060661,0.0692245894265,12.5669154994,0.0271825657084,6.18908940377,0.0,0.681666711567,0.149352642245,3.31649953245,0.0375895161636,-0.106767513081,0.0,462.9576264510926,463.0416490417825,462.97199962887436,461.56267669739805
1.680000000000001,0.333944767427,0.0787103720184,12.7672588637,0.0292958034233,6.18294861069,0.0,0.742624269231,0.167039365338,3.36139294759,0.0300045421842,-0.0947206483961,0.0,430.92564959408304,431.9333100710301,431.19177026362826,430.55106900901563
1.740000000000001,0.38039407754,0.0892859843567,12.9699571448,0.0306838981793,6.17722586199,0.0,0.806192266006,0.185627603423,3.39503030159,0.00357746780413,-0.096728723714,0.0,428.1375482646117,427.9585282256587,428.98166433015496,426.73169261394156
1.8000000000000012,0.431181388859,0.101116709425,13.178554399,0.0311017337157,6.17170367596,0.0,0.887281728267,0.20874686088,3.55761096678,0.0129975841798,-0.0840067657216,0.0,468.2532547629985,469.2351871490284,468.383291528066,469.11525344827385
1.8600000000000012,0.486334689341,0.114175001954,13.3914121929,0.0325157610993,6.16707428226,0.0,0.951560677516,0.226625680852,3.53763115602,0.0390488211623,-0.0661273451029,0.0,410.71878500555687,412.29617364213016,410.8293221408729,413.1330019042787
1.9200000000000013,0.545506894965,0.128358683998,13.6038129639,0.0346426084978,6.16281269806,0.0,1.02118821834,0.246357641708,3.54229678583,0.0270459320712,-0.0832660008067,0.0,419.9734783631616,418.47985482783895,421.5273134839736,420.48933898281354
1.9800000000000013,0.609426391314,0.143902596869,13.8205243001,0.0361736183951,6.15781882972,0.0,1.10992751623,0.271922631263,3.68085502185,0.0222688795895,-0.0831615513529,0.0,462.93345142473504,462.9363271034052,463.3101904102278,462.9345237160435
2.0400000000000014,0.67794926683,0.1607747339,14.0390219802,0.0373770100594,6.15267614685,0.0,1.17456427999,0.290583397575,3.60256459781,0.0152179603718,-0.0913686184709,0.0,393.4688031656535,392.70105153771124,393.0128220186051,392.35872677917763
2.1000000000000014,0.750824343192,0.178896154742,14.2558115583,0.0385741237873,6.14740338239,0.0,1.25505859625,0.313552528767,3.62357134418,0.0280474263325,-0.0816866471268,0.0,426.42694460734765,427.2464590051911,425.9904982122536,427.0862128075994
2.1600000000000015,0.829404654722,0.198640798515,14.4795458146,0.0399923782242,6.14242440554,0.0,1.36474611356,0.344753930373,3.83339197791,0.0129092266719,-0.0857086324666,0.0,485.2512512224864,484.9442384452339,486.45101630545844,485.31606395635964
2.2200000000000015,0.914385785789,0.220203358127,14.7137773029,0.0407534470077,6.13786686505,0.0,1.46837651804,0.374054059553,3.97369313309,0.0122311619794,-0.0613954876918,0.0,465.87375883825774,467.76656310677294,466.3576440148584,466.3045458788722
2.2800000000000016,1.00571563625,0.243551303533,14.9566893096,0.0418617212497,6.13385574956,0.0,1.57625435407,0.404284623229,4.12269988302,0.0286925713804,-0.0809420895973,0.0,471.3945519701766,469.87834027865864,469.6814322936955,470.9564129841809
2.3400000000000016,1.1032690047,0.268647213607,15.2063024642,0.0442127296146,6.1295845913,0.0,1.67588868993,0.43243189426,4.1973103967,0.0545775540737,-0.0566146234352,0.0,447.8845327361545,449.8548475442064,448.0916668594263,450.1919082597899
2.4000000000000017,1.2064839216,0.295371137747,15.4578762968,0.0479364240413,6.12756156296,0.0,1.76478689799,0.458664699123,4.18840581747,0.0739094210168,-0.00779347494874,0.0,420.76850360868696,424.9733919692445,421.835388490208,423.5045487998257
2.4600000000000017,1.31615567886,0.324079420255,15.7159221469,0.0527815286965,6.12685543995,0.0,1.89081913408,0.498791394582,4.41213846167,0.0917705983866,-0.0212217918195,0.0,495.7816115605372,494.79405298917203,493.6167794766378,494.93763983778393
2.520000000000002,1.43246315718,0.354997829023,15.9814427329,0.0585226730196,6.12550478623,0.0,1.98614742584,0.532323859944,4.43832299298,0.102543454174,-0.0252221719409,0.0,437.3270131733885,436.9935961389607,435.73830947298984,436.64600758880465
2.580000000000002,1.55510367155,0.388258757098,16.2522592044,0.0646610914871,6.12392589625,0.0,2.10188351618,0.577000977484,4.58812209698,0.101830162722,-0.0285946265427,0.0,475.34268481578545,475.0840513661169,476.0773556049267,476.03108747896835
2.640000000000002,1.68435521891,0.424188934259,16.5298229437,0.0706378806967,6.12290836053,0.0,2.20651725368,0.621236873871,4.66353684316,0.0947671460229,-0.000341127019316,0.0,453.58282781670624,455.846470098762,454.56522466511035,454.0070945496117
2.700000000000002,1.81980416525,0.462852406394,16.8113725859,0.0761232052604,6.12271306474,0.0,2.30835060024,0.66805534797,4.72108196823,0.0837202765269,-0.00983387099567,0.0,449.9290601250236,449.1598151938678,450.56366437003675,449.67641168657127
2.760000000000002,1.96081277216,0.504169391869,17.0930100819,0.0809240264353,6.12177968523,0.0,2.39196502885,0.709576240977,4.66695243994,0.0713253443618,-0.0305908334661,0.0,414.5588059443124,412.73060331796887,414.62305028033774,413.538084516962
2.820000000000002,2.10782104737,0.548539319776,17.3773463349,0.0852633579557,6.11969805678,0.0,2.50834844031,0.769821668947,4.81011811165,0.0742438448584,-0.0445129716432,0.0,477.0139896366841,475.9490587968967,476.84667538990163,477.0732445233665
2.880000000000002,2.26090981757,0.596129770442,17.6645932461,0.0896688539894,6.11735522972,0.0,2.59477380477,0.816885036981,4.7648171129,0.0717356296334,-0.0298979625573,0.0,417.833438442866,419.1049428047769,418.56125316731766,418.34742876056094
2.940000000000002,2.41979517445,0.646929812059,17.9525934131,0.0937935104042,6.11524943305,0.0,2.70146152606,0.876814924739,4.83469684972,0.0619702204445,-0.0483188892682,0.0,456.0183904324058,454.5437550001381,456.98925423259413,456.21348400567564
3.000000000000002,2.58496457973,0.701319879,18.243891119,0.0970979217555,6.11279178536,0.0,2.80432094376,0.93648063512,4.87485223627,0.0354066496115,-0.0292715124312,0.0,447.3319289847376,448.8795824994224,448.1996767451849,446.03708647405836
3.0600000000000023,2.75664201722,0.759518376122,18.5393586778,0.0996590057817,6.11169013723,0.0,2.91823203565,1.00364370116,4.97344722201,0.0542716977171,-0.00250933200142,0.0,466.3768679121216,468.46278573378464,465.07627341381607,466.55261339182044
3.1200000000000023,2.9346409677,0.821503414037,18.8377718353,0.103002313141,6.11192420033,0.0,3.01496471221,1.06279351417,4.97353106948,0.0584737020645,0.0143530094,0.0,436.2032713221943,437.60936433329715,436.3682034187464,436.7210522059532
3.1800000000000024,3.11810571315,0.886908781481,19.1343737405,0.107806745097,6.11245387507,0.0,3.10041842319,1.11773757024,4.91336656172,0.105122336907,-0.00551058383496,0.0,417.8739769736919,416.13841491369465,414.5599771760526,418.6444924471366
3.2400000000000024,3.30712473793,0.955975996508,19.4299528453,0.114279191931,6.11304413462,0.0,3.20006905349,1.1850521431,4.93897813432,0.112872632036,0.0300165966262,0.0,443.33661792567364,446.2466345565093,444.8382170377193,445.4826993429068
3.3000000000000025,3.50170487366,1.02894443463,19.7248415006,0.121136563902,6.11506773789,0.0,3.28570828943,1.24778557384,4.89074344007,0.116980192331,0.0402695314987,0.0,420.79143485352796,421.6787585039695,420.91527110934777,421.2830870268928
3.3600000000000025,3.70136008765,1.10578125738,20.0167771064,0.12814850982,6.11744820858,0.0,3.36919743134,1.31401418583,4.84055510597,0.116636143063,0.0384574243138,0.0,421.52922660335236,421.37346314496136,419.0981825116532,419.0814135441597
3.4200000000000026,3.90678968202,1.18734213442,20.3105958343,0.135473426432,6.12035532425,0.0,3.47796704183,1.40533887691,4.9527176966,0.131197126933,0.0632948474219,0.0,470.87357260700134,472.7925878001115,471.9516875847309,473.08676352568034
3.4800000000000026,4.11797490844,1.27397020249,20.6070030083,0.143890616807,6.12391988636,0.0,3.56112364435,1.48294750893,4.92751311017,0.154083056623,0.0502169189153,0.0,431.0122250953656,429.90788710658046,428.4645590264867,430.42484400075455
3.5400000000000027,4.33434947996,1.36565442539,20.9036210147,0.153467321882,6.12667609405,0.0,3.65094237961,1.57401598407,4.95940587009,0.168841112546,0.0355988211531,0.0,449.7644078831765,448.57989222619193,447.57258618274295,448.7960588234792
3.6000000000000028,4.55580210445,1.46274635529,21.2006225695,0.163934308556,6.12888869861,0.0,3.73051676122,1.6632396524,4.94050535879,0.183790262917,0.0393168056286,0.0,432.8114468987108,433.1249763916276,432.2592560290999,433.5473556375527
3.660000000000003,4.7827034363,1.56615438189,21.5011400942,0.174499899975,6.13161042635,0.0,3.83234789891,1.78471756311,5.07578130368,0.152646086269,0.0553163753663,0.0,481.25916268966733,482.46983783855046,482.82447349150004,480.49517015489863
3.720000000000003,5.0161371718,1.67765720848,21.8130344887,0.183819151945,6.13471577937,0.0,3.94804524187,1.93292477556,5.31916322027,0.160189766844,0.043467778801,0.0,515.3609775925214,514.5239940071647,514.5070295867368,515.0600669097723
3.780000000000003,5.25558172827,1.79725585145,22.1340159377,0.193550944652,6.13793587067,0.0,4.0329659416,2.05452478327,5.37961219012,0.165930323227,0.0687403356723,0.0,463.1274815939532,465.1130669929188,463.6439858451659,464.1186653196379
3.840000000000003,5.49952538554,1.92366620387,22.455199611,0.203282348587,6.14203966208,0.0,4.09805764975,2.15995077561,5.32654900546,0.153415681115,0.0677002432207,0.0,428.2062616207479,428.12147384107976,429.37430799048127,428.3370245512267
3.900000000000003,5.74775734949,2.05723563847,22.7764621466,0.212185160688,6.14601170923,0.0,4.17576627936,2.29311820225,5.38162892622,0.135711695152,0.063020941267,0.0,463.7799053141493,463.41520874273795,464.16869755231295,462.796439677078
3.960000000000003,5.99988765439,2.19793568826,23.0962878452,0.220042997701,6.14944464587,0.0,4.22824945082,2.39752099299,5.27953976003,0.11921141268,0.041889598267,0.0,412.86953906146294,411.002892371927,414.3495018066266,412.91296976689256
4.020000000000002,6.25548429339,2.34564005826,23.4127906764,0.22693184243,6.15200920279,0.0,4.29129275047,2.52649664448,5.27032240526,0.104134392237,0.0443958271637,0.0,443.3049856202958,443.5119271049968,444.40995180027323,443.18381881173036
4.080000000000001,6.51434336026,2.50041354941,23.7253659184,0.233520942132,6.15484251958,0.0,4.33710575128,2.6331326528,5.14925552368,0.119268578289,0.0523457555948,0.0,404.8387773856879,405.5552155919965,405.79021245298117,407.15858214631004
4.14,6.77632481482,2.66246403297,24.0339713264,0.241817073542,6.15824803366,0.0,4.39519653821,2.76915054948,5.13734752989,0.16142730846,0.0643750506755,0.0,440.89379253192845,441.88894908911504,441.68185645174526,445.16246408913076
4.199999999999998,7.04142308153,2.83227009682,24.339631566,0.251844405247,6.16246099318,0.0,4.44102235467,2.89181098415,5.05144766072,0.176583598952,0.0798871800352,0.0,417.0359716766045,418.3930644067229,417.51603120789105,418.8649610194237
4.259999999999997,7.30966258636,3.0105866593,24.6439860676,0.26264711534,6.16700383246,0.0,4.49967422389,3.05292017395,5.09306600748,0.186189679123,0.0656944046935,0.0,461.1148542659219,459.99630918832844,459.33340171237046,460.1247502900684
4.319999999999996,7.58138565712,3.19893123015,24.9513994153,0.273861960802,6.17091692142,0.0,4.55719623346,3.22610398057,5.15322613836,0.188322765463,0.0642486878136,0.0,467.6344185553063,467.5246712889471,467.1397818172467,467.3381649218478
4.379999999999995,7.85616665516,3.39716157959,25.2598504729,0.284868011029,6.17484636889,0.0,4.60171516264,3.38241481622,5.12812327887,0.171243656137,0.0678648452029,0.0,440.51008753823623,440.8122864096323,443.3387559769171,441.9654169937993
4.439999999999993,8.13360568796,3.60514460702,25.5674411348,0.294869743468,6.17839258853,0.0,4.64576828586,3.55108976965,5.12442585216,0.155565391971,0.029011940462,0.0,450.66719270831726,447.51715389972867,450.5108798005051,449.2671321910607
4.499999999999992,8.4137073871,3.82366997145,25.8756310211,0.303996592373,6.17963306675,0.0,4.69067777485,3.73369842297,5.1478724009,0.144131865665,-0.00651908182588,0.0,461.6485478982359,458.8357689224366,458.990809288933,458.10326009412626
4.559999999999991,8.69642309512,4.05315384924,26.1847215488,0.312565097285,6.17994556352,0.0,4.73307231649,3.91628905743,5.15449825551,0.140024126664,0.021922778663,0.0,454.31156282824264,456.58683358588087,455.7237522193993,455.4136816520529
4.6199999999999894,8.98130308641,4.29266472883,26.4909028587,0.32085796972,6.18209938094,0.0,4.76273805891,4.06797426638,5.05160624523,0.134329458148,0.0548214992245,0.0,419.62454420730126,422.47208962451765,418.6921867660028,418.21530890676115
4.679999999999988,9.26783916574,4.54115527893,26.7902229198,0.328565720596,6.18504637664,0.0,4.78818901149,4.21559428422,4.92595888243,0.112925946805,0.0341507854532,0.0,412.3118856768447,410.4827524980106,412.3668689241628,410.48755468793604
4.739999999999987,9.55612808337,4.79951291639,27.0846970365,0.33575709514,6.1869458502,0.0,4.82118123979,4.39670928704,4.88952342876,0.130986878043,0.0261380746458,0.0,442.4991192308601,441.8392178883587,441.2470598539127,442.74872493668175
4.799999999999986,9.8464269208,5.06909364243,27.3776979823,0.343434638643,6.18843146872,0.0,4.85520910501,4.58971821612,4.87664519631,0.121094870345,0.0218520511739,0.0,450.83251493592263,450.486077206636,451.26959836127776,450.48486277264743
4.859999999999984,10.1388487063,5.35078700542,27.6710885382,0.350703572724,6.19003922945,0.0,4.89192026134,4.80035967853,4.90227192244,0.121256639553,0.0351983478986,0.0,463.30209848886153,464.3506171918523,465.23203215471005,465.2572336208126
4.919999999999983,10.4333619407,5.6449840451,27.9653325861,0.358185855145,6.19201590049,0.0,4.92488378939,5.00652374057,4.90522047555,0.130830540799,0.028006809508,0.0,460.1972577063165,459.62790120775384,457.3251064148342,458.10079978524027
4.979999999999982,10.729908006,5.95205530515,28.260784445,0.366835242366,6.193782129,0.0,4.95968409,5.22952156645,4.94222920286,0.162451420708,0.0321540259851,0.0,471.84279223913927,472.1631319060968,469.3992278321636,471.86470589226934
5.0399999999999805,11.0282760287,6.27176392856,28.5561338603,0.376956619095,6.19575747257,0.0,4.9856570505,5.42795889674,4.90219688601,0.17889684123,0.0344161824549,0.0,447.3461113224175,447.5307343112805,448.1707290325487,449.53241805545537
